20 20 20 20 20 20 20 00 1b 00 40 56 80 fa 10 0e
07 02 1b ff 00 00 00 00 00 00 00 00 00 00 00 00
00 00 00 00 00 00 00 00 00 00 00 00 00 00 00 00
00 00 00 00 00 00 00 00 00 00 00 00 00 00 00 00
00 00 00 df f0 00 00 00 00 00 00 00 00 07 ff 00
00 00 00 00 00 00 3f fc 1f fc 18 30 0c 31 cc 00
00 00 02 08 00 00 01 ff ff ff ff e0 00 00 00 00
00 00 00 00 00 00 00 00 00 00 00 00 00 00 00 00
00 00 00 00 88 40 0f ff ff ff ff ff 80 00 00 00
00 00 00 00 00 00 00 00 00 00 00 00 00 00 00 00
00 00 00 00 00 0c f3 ff ff ff ff ff e3 00 00 00
00 00 00 00 00 00 00 00 00 00 00 00 00 00 00 00
00 00 00 00 00 00 3f e7 27 ff ff ff e1 82 10 00
00 00 00 00 00 00 00 00 00 00 00 00 00 00 00 00
00 00 00 00 00 00 07 ff ff f8 ee 3f 00 01 02 04
00 00 00 00 00 00 00 00 00 00 00 00 00 00 00 00
00 00 03 00 0f e0 00 00 00 00 00 00 00 03 fe 00
00 00 00 00 00 00 3f f8 00 0c 18 30 0c 30 ec 00
00 00 00 00 00 77 a0 7f ff ff ff f0 00 00 00 00
00 00 00 00 00 00 00 00 00 00 00 00 00 00 00 00
00 00 00 00 46 20 1f ff ff ff ff ff c0 00 00 00
00 00 00 00 00 00 3c 3c 7e fe 42 3c 7c 7e 00 00
00 00 00 00 00 03 0c ff ff ff ff ff f0 c0 00 00
00 00 00 00 00 00 00 00 00 00 00 00 00 00 00 00
00 00 00 00 00 00 3f f8 c8 ff ff ff e0 41 0c 00
00 00 00 00 00 00 00 00 00 00 00 00 00 00 00 00
00 00 00 00 00 00 07 ff ff ff 31 ef 00 00 01 02
00 00 00 00 00 00 00 00 00 00 00 00 00 00 00 00
00 00 00 00 00 00 00 03 ff ff fe 00 03 06 ed 80
00 00 00 00 00 00 00 00 00 00 00 00 00 00 00 00
00 00 00 00 00 00 00 00 00 00 00 00 00 00 00 00
00 00 00 00 00 00 3f f8 1f f0 18 0f f0 30 0c 00
00 00 04 00 00 1e 00 00 03 fe 00 00 00 03 fe 00
00 00 00 00 00 00 30 00 00 0c 18 30 0c 30 7c 00
00 00 01 00 01 80 5f ff ff ff ff f8 00 00 00 00
00 00 00 00 00 00 00 00 00 00 00 00 00 00 00 00
00 00 00 00 31 10 1f ff ff ff ff ff c0 00 00 00
00 00 00 00 00 00 40 42 40 10 42 42 42 40 00 00
00 00 00 00 00 00 b3 3f ff ff ff ff f8 30 00 00
00 00 00 00 00 00 00 00 00 00 00 00 00 00 00 00
00 00 00 00 00 00 3f ff 37 3f ff ff e0 30 83 00
00 00 00 00 00 00 00 00 00 00 00 00 00 00 00 00
00 00 00 00 00 00 03 ff ff ff de 71 00 01 00 82
00 00 00 00 00 00 00 00 00 00 00 00 00 00 00 00
00 00 00 00 00 00 00 00 ff ff f8 00 00 f0 00 00
40 00 00 00 00 00 00 00 00 00 00 00 00 00 00 00
00 00 00 00 00 00 00 00 00 00 00 00 00 00 f8 00
00 00 00 00 00 00 3f fc 3f f8 18 1f f8 38 0c 00
00 00 00 00 00 01 e0 00 3f ff e0 00 00 03 fe 00
00 00 00 00 00 00 30 00 30 0c 18 30 0c 30 3c 00
00 00 00 c2 00 00 01 ff ff ff ff fc 00 00 00 00
00 00 00 00 00 00 00 00 00 00 00 00 00 00 00 00
00 00 00 00 08 c4 1f ff ff ff ff ff c0 00 00 00
00 00 00 00 00 00 3c 42 7c 10 42 42 42 7c 00 00
00 00 00 00 00 00 1c cf ff ff ff ff f6 08 00 00
00 00 00 00 00 00 00 00 00 00 00 00 00 00 00 00
00 00 00 00 00 00 1f ff cc c7 ff ff c0 10 61 00
00 00 00 00 00 00 00 00 00 00 00 00 00 00 00 00
00 00 00 00 00 00 01 ff ff ff f3 84 a0 00 00 81
80 00 00 00 00 00 00 00 00 00 00 00 00 00 00 00
00 00 00 00 00 00 00 00 3f ff e0 00 00 06 00 00
00 00 00 00 00 00 00 00 00 00 00 00 00 00 00 00
00 00 00 00 00 00 00 00 00 00 00 00 00 01 fc 00
00 00 00 00 00 00 30 0c 30 18 18 30 0c 3c 0c 00
00 00 10 00 00 00 1e 00 ff ff f8 00 00 01 fc 00
00 00 00 00 00 00 30 00 3f fc 18 1f f8 30 1c 00
00 00 00 11 04 00 03 ff ff ff ff fe 00 00 00 00
00 00 00 00 00 00 00 00 00 00 00 00 00 00 00 00
00 00 00 00 06 23 3f ff ff ff ff ff e0 00 00 00
00 00 00 00 00 00 02 42 40 10 42 7e 7c 40 00 00
00 00 00 00 00 00 27 33 ff ff ff ff e1 84 00 00
00 00 00 00 00 00 00 00 00 00 00 00 00 00 00 00
00 00 00 00 00 00 1f ff f7 39 ff ff c0 08 10 c0
00 00 00 00 00 00 00 00 00 00 00 00 00 00 00 00
00 00 00 00 00 00 00 ff ff ff fc 36 1f 83 00 00
80 00 00 00 00 00 00 00 00 00 00 00 00 00 00 00
00 00 00 00 00 00 00 00 03 fe 00 00 00 01 e0 00
20 00 00 00 00 00 00 00 00 00 00 00 00 00 00 00
00 00 00 00 00 00 00 00 00 00 00 00 00 03 fe 00
00 00 00 00 00 00 30 0c 30 00 18 30 0c 3e 0c 00
00 00 00 01 df fe 01 e3 ff ff fe 00 00 00 f8 00
00 00 00 00 00 00 30 00 1f f8 18 0f f0 30 0c 00
00 00 00 08 80 00 07 ff ff ff ff ff 00 00 00 00
00 00 00 00 00 00 00 00 00 00 00 00 00 00 00 00
00 00 00 00 01 98 bf ff ff ff ff ff e0 00 00 00
00 00 00 00 00 00 42 42 40 10 5a 42 44 40 00 00
00 00 00 00 00 00 39 cc ff ff ff ff f8 63 00 00
00 00 00 00 00 00 00 00 00 00 00 00 00 00 00 00
00 00 00 00 00 00 1f ff fc c6 3f ff c0 04 18 20
00 00 00 00 00 00 00 00 00 00 00 00 00 00 00 00
00 00 00 00 00 00 00 7f ff ff ff c1 e1 6e 00 00
00 00 00 00 00 00 00 00 00 00 00 00 00 00 00 00
00 00 00 00 00 00 00 00 00 00 00 00 00 00 3e 00
c0 00 00 00 00 00 00 00 00 00 00 00 00 00 00 00
00 00 00 00 00 00 00 00 00 00 00 00 00 03 fe 00
00 00 00 00 00 00 30 0c 30 00 18 30 0c 37 0c 00
00 00 00 02 00 01 f0 1f ff ff ff 80 00 00 00 00
00 00 00 00 00 00 00 00 00 00 00 00 00 00 00 00
00 00 00 04 41 00 07 ff ff ff ff ff 00 00 00 00
00 00 00 00 00 00 00 00 00 00 00 00 00 00 00 00
00 00 00 00 00 44 5f ff ff ff ff ff f8 00 00 00
00 00 00 00 00 00 3c 3c 40 10 24 42 42 7e 00 00
00 00 00 00 00 00 3e 73 3f ff ff ff e6 30 c0 00
00 00 00 00 00 00 00 00 00 00 00 00 00 00 00 00
00 00 00 00 00 00 0f ff ff 39 ff ff 80 02 04 10
00 00 00 00 00 00 00 00 00 00 00 00 00 00 00 00
00 00 00 00 00 00 00 3f ff ff ff e4 0c 00 00 80
40 00 00 00 00 00 00 00 00 00 00 00 00 00 00 00
00 00 00 00 00 00 00 00 00 00 00 00 00 00 00 ed
80 00 00 00 00 00 00 00 00 00 00 00 00 00 00 00
00 00 00 00 00 00 00 00 00 00 00 00 00 03 fe 00
00 00 00 00 00 00 30 0c 3f f8 18 30 0c 33 8c 00
00 00 04 00 00 00 0e 1f ff ff ff c0 00 00 00 00
00 00 00 00 00 00 00 00 00 00 00 00 00 00 00 00
00 00 00 03 10 80 0f ff ff ff ff ff 80 00 00 00
00 00 00 00 00 00 00 00 00 00 00 00 00 00 00 00
00 00 00 00 00 33 2f ff ff ff ff ff e4 00 00 00
00 00 00 00 00 00 00 00 00 00 00 00 00 00 00 00
00 00 00 00 00 00 3f 9c cf ff ff ff e1 0c 20 00
00 00 00 00 00 00 00 00 00 00 00 00 00 00 00 00
00 00 00 00 00 00 0f ff ff c6 21 ff 80 02 02 18
00 00 00 00 00 00 00 00 00 00 00 00 00 00 00 00
00 00 00 00 00 00 00 1f ff ff ff c3 c3 80 00 00
20 00 00 00 00 00 00 00 00 00 00 00 00 00 00 00
00 00 00 00 00 00 00 00 00 00 00 00 00 00 00 00
00 00 00 00 00 00 00 00 00 00 00 00 00 00 00 00
00 00 00 00 00 00 00 00 00 00 00 00 00 00 00 00
00 00 00 00 00 00 00 00 00 00 00 00 00 00 00 00
00 00 00 00 00 00 00 00 00 00 00 00 00 00 00 00
00 00 00 00 00 00 00 00 00 00 00 00 00 00 00 00
00 00 00 00 00 00 00 00 00 00 00 00 00 00 00 00
00 00 00 00 00 00 00 00 00 00 00 00 00 00 00 00
00 00 00 00 00 00 00 00 00 00 00 00 00 00 00 00
00 00 00 00 00 00 1e 00 01 e0 1e 00 01 e0 00 00
00 00 1f ff ff e0 01 ff ff e0 1e 00 00 00 1f ff
ff e0 00 00 00 00 1e 00 01 e0 1e 00 01 e0 00 00
00 00 1f ff fe 00 00 01 e0 00 1e 00 00 00 1f ff
fe 00 00 00 00 00 01 e0 1e 00 1e 00 01 e0 00 00
00 00 1e 00 00 00 00 01 e0 00 1e 00 00 00 1e 00
00 00 00 00 00 00 00 00 00 00 00 00 00 00 00 00
00 00 00 00 00 00 00 00 00 00 00 00 00 00 00 00
00 00 00 00 00 00 00 00 00 00 00 00 00 00 00 00
00 00 00 00 00 00 00 00 00 00 00 00 00 00 00 00
00 00 00 00 00 00 00 00 00 00 00 00 00 00 00 00
00 00 00 00 00 00 00 00 00 00 00 00 00 00 00 00
00 00 00 00 00 00 00 00 00 00 00 00 00 00 00 00
00 00 00 00 00 00 00 00 00 00 00 00 00 00 00 00
00 00 00 00 00 00 00 00 00 00 00 00 00 00 00 00
00 00 00 00 00 00 00 00 00 00 00 00 00 00 00 00
00 00 00 00 00 00 1e 00 01 e0 1e 00 01 e0 00 00
00 00 1f ff ff e0 01 ff ff e0 1e 00 00 00 1f ff
ff e0 00 00 00 00 1e 00 01 e0 1e 00 01 e0 00 00
00 00 1f ff fe 00 00 01 e0 00 1e 00 00 00 1f ff
fe 00 00 00 00 00 01 e0 1e 00 1e 00 01 e0 00 00
00 00 1e 00 00 00 00 01 e0 00 1e 00 00 00 1e 00
00 00 00 00 00 00 00 00 00 00 00 00 00 00 00 00
00 00 00 00 00 00 00 00 00 00 00 00 00 00 00 00
00 00 00 00 00 00 00 00 00 00 00 00 00 00 00 00
00 00 00 00 00 00 00 00 00 00 00 00 00 00 00 00
00 00 00 00 00 00 00 00 00 00 00 00 00 00 00 00
00 00 00 00 00 00 00 00 00 00 00 00 00 00 00 00
00 00 00 00 00 00 00 00 00 00 00 00 00 00 00 00
00 00 00 00 00 00 00 00 00 00 00 00 00 00 00 00
00 00 00 00 00 00 00 00 00 00 00 00 00 00 00 00
00 00 00 00 00 00 00 00 00 00 00 00 00 00 00 00
00 00 00 00 00 00 1e 00 01 e0 1e 00 01 e0 00 00
00 00 1e 00 00 00 00 01 e0 00 1e 00 00 00 1e 00
00 00 00 00 00 00 1e 00 01 e0 1e 00 01 e0 01 ff
ff e0 1e 00 00 00 00 01 e0 00 1e 00 00 00 1e 00
00 00 00 00 00 00 00 1f e0 00 01 ff fe 00 00 00
00 00 1e 00 00 00 01 ff ff e0 1f ff ff e0 1f ff
ff e0 00 00 00 00 00 00 00 00 00 00 00 00 00 00
00 00 00 00 00 00 00 00 00 00 00 00 00 00 00 00
00 00 00 00 00 00 00 00 00 00 00 00 00 00 00 00
00 00 00 00 00 00 00 00 00 00 00 00 00 00 00 00
00 00 00 00 00 00 00 00 00 00 00 00 00 00 00 00
00 00 00 00 00 00 00 00 00 00 00 00 00 00 00 00
00 00 00 00 00 00 00 00 00 00 00 00 00 00 00 00
00 00 00 00 00 00 00 00 00 00 00 00 00 00 00 00
00 00 00 00 00 00 00 00 00 00 00 00 00 00 00 00
00 00 00 00 00 00 00 00 00 00 00 00 00 00 00 00
00 00 00 00 00 00 1e 00 01 e0 1e 00 01 e0 00 00
00 00 1e 00 00 00 00 01 e0 00 1e 00 00 00 1e 00
00 00 00 00 00 00 1e 00 01 e0 1e 00 01 e0 01 ff
ff e0 1e 00 00 00 00 01 e0 00 1e 00 00 00 1e 00
00 00 00 00 00 00 00 1f e0 00 01 ff fe 00 00 00
00 00 1e 00 00 00 01 ff ff e0 1f ff ff e0 1f ff
ff e0 00 00 00 00 00 00 00 00 00 00 00 00 00 00
00 00 00 00 00 00 00 00 00 00 00 00 00 00 00 00
00 00 00 00 00 00 00 00 00 00 00 00 00 00 00 00
00 00 00 00 00 00 00 00 00 00 00 00 00 00 00 00
00 00 00 00 00 00 00 00 00 00 00 00 00 00 00 00
00 00 00 00 00 00 00 00 00 00 00 00 00 00 00 00
00 00 00 00 00 00 00 00 00 00 00 00 00 00 00 00
00 00 00 00 00 00 00 00 00 00 00 00 00 00 00 00
00 00 00 00 00 00 00 00 00 00 00 00 00 00 00 00
00 00 00 00 00 00 00 00 00 00 00 00 00 00 00 00
00 00 00 00 00 00 1e 00 01 e0 1e 00 01 e0 00 00
00 00 1e 00 00 00 00 01 e0 00 1e 00 00 00 1e 00
00 00 00 00 00 00 1e 00 01 e0 1e 00 01 e0 01 ff
ff e0 1e 00 00 00 00 01 e0 00 1e 00 00 00 1e 00
00 00 00 00 00 00 00 1f e0 00 01 ff fe 00 00 00
00 00 1e 00 00 00 01 ff ff e0 1f ff ff e0 1f ff
ff e0 00 00 00 00 00 00 00 00 00 00 00 00 00 00
00 00 00 00 00 00 00 00 00 00 00 00 00 00 00 00
00 00 00 00 00 00 00 00 00 00 00 00 00 00 00 00
00 00 00 00 00 00 00 00 00 00 00 00 00 00 00 00
00 00 00 00 00 00 00 00 00 00 00 00 00 00 00 00
00 00 00 00 00 00 00 00 00 00 00 00 00 00 00 00
00 00 00 00 00 00 00 00 00 00 00 00 00 00 00 00
00 00 00 00 00 00 00 00 00 00 00 00 00 00 00 00
00 00 00 00 00 00 00 00 00 00 00 00 00 00 00 00
00 00 00 00 00 00 00 00 00 00 00 00 00 00 00 00
00 00 00 00 00 00 1e 00 01 e0 1e 00 01 e0 00 00
00 00 1e 00 00 00 00 01 e0 00 1e 00 00 00 1e 00
00 00 00 00 00 00 1e 00 01 e0 1e 00 01 e0 01 ff
ff e0 1e 00 00 00 00 01 e0 00 1e 00 00 00 1e 00
00 00 00 00 00 00 00 1f e0 00 01 ff fe 00 00 00
00 00 1e 00 00 00 01 ff ff e0 1f ff ff e0 1f ff
ff e0 00 00 00 00 00 00 00 00 00 00 00 00 00 00
00 00 00 00 00 00 00 00 00 00 00 00 00 00 00 00
00 00 00 00 00 00 00 00 00 00 00 00 00 00 00 00
00 00 00 00 00 00 00 00 00 00 00 00 00 00 00 00
00 00 00 00 00 00 00 00 00 00 00 00 00 00 00 00
00 00 00 00 00 00 00 00 00 00 00 00 00 00 00 00
00 00 00 00 00 00 00 00 00 00 00 00 00 00 00 00
00 00 00 00 00 00 00 00 00 00 00 00 00 00 00 00
00 00 00 00 00 00 1e 00 01 e0 1e 00 01 e0 00 00
00 00 1f ff ff e0 01 ff ff e0 1e 00 00 00 1f ff
ff e0 00 00 00 00 1e 00 01 e0 1e 00 01 e0 00 00
00 00 1f ff fe 00 00 01 e0 00 1e 00 00 00 1f ff
fe 00 00 00 00 00 01 e0 1e 00 1e 00 01 e0 00 00
00 00 1e 00 00 00 00 01 e0 00 1e 00 00 00 1e 00
00 00 00 00 00 00 00 00 00 00 00 00 00 00 00 00
00 00 00 00 00 00 00 00 00 00 00 00 00 00 00 00
00 00 00 00 00 00 00 00 00 00 00 00 00 00 00 00
00 00 00 00 00 00 00 00 00 00 00 00 00 00 00 00
00 00 00 00 00 00 00 00 00 00 00 00 00 00 00 00
00 00 00 00 00 00 00 00 00 00 00 00 00 00 00 00
00 00 00 00 00 00 00 00 00 00 00 00 00 00 00 00
00 00 00 00 00 00 00 00 00 00 00 00 00 00 00 00
00 00 00 00 00 00 00 00 00 00 00 00 00 00 00 00
00 00 00 00 00 00 00 00 00 00 00 00 00 00 00 00
00 00 00 00 00 00 1e 00 01 e0 1e 00 01 e0 00 00
00 00 1f ff ff e0 01 ff ff e0 1e 00 00 00 1f ff
ff e0 00 00 00 00 1e 00 01 e0 1e 00 01 e0 00 00
00 00 1f ff fe 00 00 01 e0 00 1e 00 00 00 1f ff
fe 00 00 00 00 00 01 e0 1e 00 1e 00 01 e0 00 00
00 00 1e 00 00 00 00 01 e0 00 1e 00 00 00 1e 00
00 00 00 00 00 00 00 00 00 00 00 00 00 00 00 00
00 00 00 00 00 00 00 00 00 00 00 00 00 00 00 00
00 00 00 00 00 00 00 00 00 00 00 00 00 00 00 00
00 00 00 00 00 00 00 00 00 00 00 00 00 00 00 00
00 00 00 00 00 00 00 00 00 00 00 00 00 00 00 00
00 00 00 00 00 00 00 00 00 00 00 00 00 00 00 00
00 00 00 00 00 00 00 00 00 00 00 00 00 00 00 00
00 00 00 00 00 00 00 00 00 00 00 00 00 00 00 00
00 00 00 00 00 00 00 00 00 00 00 00 00 00 00 00
00 00 00 00 00 00 00 00 00 00 00 00 00 00 00 00
00 00 00 00 00 00 00 00 00 00 00 00 00 00 00 00
00 00 00 00 00 00 00 00 00 00 00 00 00 00 00 00
00 00 00 00 00 00 00 00 00 00 00 00 00 00 00 00
00 00 00 00 00 00 00 00 00 00 00 00 00 00 00 00
00 00 00 00 00 00 00 00 00 00 00 00 3c 00 00 00
00 00 00 00 00 00 00 00 00 00 00 00 00 00 00 00
00 00 00 00 00 00 00 00 00 00 00 00 00 00 00 00
00 00 00 00 00 00 00 00 00 00 00 00 00 00 00 00
00 00 00 00 00 00 00 00 00 00 00 00 00 00 00 00
00 00 00 00 00 00 00 00 00 00 00 00 00 00 00 00
00 00 00 00 00 00 00 00 00 00 00 00 00 00 00 00
00 00 00 00 00 00 00 00 00 00 00 00 00 00 00 00
00 00 00 00 00 00 00 00 00 00 00 00 00 00 00 00
00 00 00 00 00 00 00 00 00 00 00 00 00 00 00 00
00 00 00 00 00 00 00 00 00 00 00 00 00 00 00 00
00 00 00 00 00 00 00 00 00 00 00 00 00 00 00 00
00 00 00 00 40 3c 3c 78 3e 42 3c 00 40 00 00 00
00 00 00 00 00 00 00 10 00 00 00 00 00 00 00 00
10 00 00 00 00 00 00 00 00 00 00 00 00 00 00 00
00 00 00 00 00 00 00 00 00 00 00 00 00 00 00 00
00 00 00 00 00 00 00 00 00 00 00 00 42 00 18 3c
3c 3c 00 7c 00 10 00 00 00 40 10 04 00 00 00 00
00 00 00 00 00 00 00 00 00 00 00 00 00 00 00 00
00 00 00 00 00 00 00 00 00 00 00 00 00 00 00 00
00 00 00 00 00 00 00 00 00 00 00 00 00 00 00 00
00 00 00 00 00 00 00 00 00 00 00 00 00 00 00 00
00 00 00 00 00 00 00 00 00 00 00 00 00 00 00 00
00 00 00 00 00 00 00 00 00 00 00 00 00 00 00 00
00 00 00 00 00 00 00 00 00 00 00 00 00 00 00 00
00 00 00 00 00 00 00 00 00 00 00 00 00 00 00 00
00 00 00 00 00 00 00 00 00 00 00 00 00 00 00 00
00 00 00 00 00 00 00 00 00 00 00 00 00 00 00 00
00 00 00 00 40 42 42 44 08 62 42 00 40 38 38 44
38 00 44 38 44 1c 00 38 38 78 38 00 1c 44 78 78
00 78 3c 00 00 00 00 00 00 00 00 00 00 00 00 00
00 00 00 00 00 00 00 00 00 00 00 00 00 00 00 00
00 00 00 00 00 00 00 00 00 00 00 00 99 00 28 42
42 42 00 42 38 00 38 78 00 40 38 04 00 00 00 00
00 00 00 00 00 00 00 00 00 00 00 00 00 00 00 00
00 00 00 00 00 00 00 00 00 00 00 00 00 00 00 00
00 00 00 00 00 00 00 00 00 00 00 00 00 00 00 00
00 00 00 00 00 00 00 00 00 00 00 00 00 00 00 00
00 00 00 00 00 00 00 00 00 00 00 00 00 00 00 00
00 00 00 00 00 00 00 00 00 00 00 00 00 00 00 00
00 00 00 00 00 00 00 00 00 00 00 00 00 00 00 00
00 00 00 00 00 00 00 00 00 00 00 00 00 00 00 00
00 00 00 00 00 00 00 00 00 00 00 00 00 00 00 00
00 00 00 00 00 00 00 00 00 00 00 00 00 00 00 00
00 00 00 00 40 42 42 42 08 52 40 00 40 44 04 44
44 00 44 44 44 20 00 10 04 44 44 00 20 44 44 44
30 44 44 00 00 00 00 00 00 00 00 00 00 00 00 00
00 00 00 00 00 00 00 00 00 00 00 00 00 00 00 00
00 00 00 00 00 00 00 00 00 00 00 00 a1 00 08 42
3c 02 00 42 40 30 44 44 00 40 10 3c 00 00 00 00
00 00 00 00 00 00 00 00 00 00 00 00 00 00 00 00
00 00 00 00 00 00 00 00 00 00 00 00 00 00 00 00
00 00 00 00 00 00 00 00 00 00 00 00 00 00 00 00
00 00 00 00 00 00 00 00 00 00 00 00 00 00 00 00
00 00 00 00 00 00 00 00 00 00 00 00 00 00 00 00
00 00 00 00 00 00 00 00 00 00 00 00 00 00 00 00
00 00 00 00 00 00 00 00 00 00 00 00 00 00 00 00
00 00 00 00 00 00 00 00 00 00 00 00 00 00 00 00
00 00 00 00 00 00 00 00 00 00 00 00 00 00 00 00
00 00 00 00 00 00 00 00 00 00 00 00 00 00 00 00
00 00 00 00 40 42 7e 42 08 4a 4e 3e 40 78 3c 28
78 00 44 44 44 20 00 10 3c 44 78 00 20 44 44 44
10 44 44 00 00 00 00 00 00 00 00 00 00 00 00 00
00 00 00 00 00 00 00 00 00 00 00 00 00 00 00 00
00 00 00 00 00 00 00 00 00 00 00 00 a1 00 08 3e
42 3c 00 7c 38 10 44 44 00 40 10 44 00 00 00 00
00 00 00 00 00 00 00 00 00 00 00 00 00 00 00 00
00 00 00 00 00 00 00 00 00 00 00 00 00 00 00 00
00 00 00 00 00 00 00 00 00 00 00 00 00 00 00 00
00 00 00 00 00 00 00 00 00 00 00 00 00 00 00 00
00 00 00 00 00 00 00 00 00 00 00 00 00 00 00 00
00 00 00 00 00 00 00 00 00 00 00 00 00 00 00 00
00 00 00 00 00 00 00 00 00 00 00 00 00 00 00 00
00 00 00 00 00 00 00 00 00 00 00 00 00 00 00 00
00 00 00 00 00 00 00 00 00 00 00 00 00 00 00 00
00 00 00 00 00 00 00 00 00 00 00 00 00 00 00 00
00 00 00 00 40 42 42 44 08 46 42 00 40 40 44 28
40 00 3c 44 44 20 00 10 44 78 40 00 20 44 44 44
10 44 3c 00 00 00 00 00 00 00 00 00 00 00 00 00
00 00 00 00 00 00 00 00 00 00 00 00 00 00 00 00
00 00 00 00 00 00 00 00 00 00 00 00 99 00 08 02
42 40 00 40 04 10 44 44 00 40 10 44 18 00 00 00
00 00 00 00 00 00 00 00 00 00 00 00 00 00 00 00
00 00 00 00 00 00 00 00 00 00 00 00 00 00 00 00
00 00 00 00 00 00 00 00 00 00 00 00 00 00 00 00
00 00 00 00 00 00 00 00 00 00 00 00 00 00 00 00
00 00 00 00 00 00 00 00 00 00 00 00 00 00 00 00
00 00 00 00 00 00 00 00 00 00 00 00 00 00 00 00
00 00 00 00 00 00 00 00 00 00 00 00 00 00 00 00
00 00 00 00 00 00 00 00 00 00 00 00 00 00 00 00
00 00 00 00 00 00 00 00 00 00 00 00 00 00 00 00
00 00 00 00 00 00 00 00 00 00 00 00 00 00 00 00
00 00 00 00 7e 3c 42 78 3e 42 3c 00 7e 3c 3c 10
3c 00 04 38 38 20 00 0c 3c 40 3c 00 20 38 44 44
38 44 04 00 00 00 00 00 00 00 00 00 00 00 00 00
00 00 00 00 00 00 00 00 00 00 00 00 00 00 00 00
00 00 00 00 00 00 00 00 00 00 00 00 42 00 3e 3c
3c 7e 00 40 78 38 38 44 00 7e 0c 3c 18 00 00 00
00 00 00 00 00 00 00 00 00 00 00 00 00 00 00 00
00 00 00 00 00 00 00 00 00 00 00 00 00 00 00 00
00 00 00 00 00 00 00 00 00 00 00 00 00 00 00 00
00 00 00 00 00 00 00 00 00 00 00 00 00 00 00 00
00 00 00 00 00 00 00 00 00 00 00 00 00 00 00 00
00 00 00 00 00 00 00 00 00 00 00 00 00 00 00 00
00 00 00 00 00 00 00 00 00 00 00 00 00 00 00 00
00 00 00 00 00 00 00 00 00 00 00 00 00 00 00 00
00 00 00 00 00 00 00 00 00 00 00 00 00 00 00 00
00 00 00 00 00 00 00 00 00 00 00 00 00 00 00 00
00 00 00 00 00 00 00 00 00 00 00 00 00 00 00 00
00 00 38 00 00 00 00 00 00 40 00 00 00 00 00 00
00 00 38 00 00 00 00 00 00 00 00 00 00 00 00 00
00 00 00 00 00 00 00 00 00 00 00 00 00 00 00 00
00 00 00 00 00 00 00 00 00 00 00 00 3c 00 00 00
00 00 00 00 00 00 00 00 00 00 00 00 00 00 00 00
00 00 00 00 00 00 00 00 00 00 00 00 00 00 00 00
00 00 00 00 00 00 00 00 00 00 00 00 00 00 00 00
00 00 00 00 00 00 00 00 00 00 00 00 00 00 00 00
00 00 00 00 00 00 00 00 00 00 00 00 00 00 00 00
00 00 00 00 0e 0e 0e 0e 0e 0e 0e 0e 0e 0e 0e 0e
0e 0e 0e 0e 0e 0e 0e 0e 0e 0e 0e 0e 0e 0e 0e 0e
0e 0e 0e 0e 0e 0e 0e 0e 0e 0e 0e 0e 0e 0e 0e 0e
0e 0e 0e 0e 0e 0e 0e 0e 0e 0e 0e 0e 0e 0e 0e 0e
0e 0e 0e 0e 0e 0e 0e 0e 0e 0e 0e 0e 0e 0e 0e 0e
0e 0e 0e 0e 0e 0e 0e 0e 0e 0e 0e 0e 0e 0e 0e 0e
0e 0e 0e 0e 0e 0e 0e 0e 0e 0e 0e 0e 0e 0e 0e 0e
0e 0e 0e 0e 0e 0e 0e 0e 0e 0e 0e 0e 0e 0e 0e 0e
0e 0e 0e 0e 0e 0e 0e 0e 0e 0e 0e 0e 0e 0e 0e 0e
0e 0e 0e 0e 0e 0e 0e 0e 0e 0e 0e 0e 0e 0e 0e 0e
0e 0e 0e 0e 0e 0e 0e 0e 0e 0e 0e 0e 0e 0e 0e 0e
0e 0e 0e 0e 0e 0e 0e 0e 0e 0e 0e 0e 0e 0e 0e 0e
0e 0e 0e 0e 0e 0e 0e 0e 0e 0e 0e 0e 0e 0e 0e 0e
0e 0e 0e 0e 0e 0e 0e 0e 0e 0e 0e 0e 0e 0e 0e 0e
0e 0e 0e 0e 0e 0e 0e 0e 0e 0e 0e 0e 0e 0e 0e 0e
0e 0e 0e 0e 0e 0e 0e 0e 0e 0e 0e 0e 0e 0e 0e 0e
0e 0e 0e 0e 0e 0e 0e 0e 0e 0e 0e 0e 0e 0e 0e 0e
0e 0e 0e 0e 0e 0e 0e 0e 0e 0e 0e 0e 0e 0e 0e 0e
0e 0e 0e 0e 0e 0e 0e 0e 0e 0e 0e 0e 0e 0e 0e 0e
0e 0e 0e 0e 0e 0e 0e 0e 0e 0e 0e 0e 0e 0e 0e 0e
0e 0e 0e 0e 0e 0e 0e 0e 0e 0e 0e 0e 0e 0e 0e 0e
0e 0e 0e 0e 0e 0e 0e 0e 0e 0e 0e 0e 0e 0e 0e 0e
0e 0e 0e 0e 0e 0d 0d 0d 0d 0d 0d 0d 0d 0d 0d 0d
0d 0d 0d 0d 0d 0d 0d 0d 0d 0d 0d 0d 0d 0d 0d 0d
0d 0d 0e 0e 0e 0d 0d 0d 0d 0d 0d 0d 0d 0d 0d 0d
0d 0d 0d 0d 0d 0d 0d 0d 0d 0d 0d 0d 0d 0d 0d 0d
0d 0d 0e 0e 0e 0d 0d 0d 0d 0d 0d 0d 0d 0d 0d 0d
0d 0d 0d 0d 0d 0d 0d 0d 0d 0d 0d 0d 0d 0d 0d 0d
0d 0d 0e 0e 0e 0d 0d 0d 0d 0d 0d 0d 0d 0d 0d 0d
0d 0d 0d 0d 0d 0d 0d 0d 0d 0d 0d 0d 0d 0d 0d 0d
0d 0d 0e 0e 0e 0d 0d 0d 0d 0d 0d 0d 0d 0d 0d 0d
0d 0d 0d 0d 0d 0d 0d 0d 0d 0d 0d 0d 0d 0d 0d 0d
0d 0d 0e 0e 0e 0e 0e 0e 0e 0e 0e 0e 0e 0e 0e 0e
0e 0e 0e 0e 0e 0e 0e 0e 0e 0e 0e 0e 0e 0e 0e 0e
0e 0e 0e 0e 0e 0e 0e 0e 0e 0e 0e 0e 0e 0e 0e 0e
0e 0e 0e 0e 0e 0e 0e 0e 0e 0e 0e 0e 0e 0e 0e 0e
0e 0e 0e 0e 0e 0e 0e 0e 0e 0e 0e 0e 0e 0e 0e 0e
0e 0e 0e 0e 0e 0e 0e 0e 0e 0e 0e 0e 0e 0e 0e 0e
0e 0e 0e 0e 8e 8e 8e 8e 8e 8e 8e 0e 0e 0e 0e 0e
0e 0e 0e 0e 0e 0e 0e 0e 0e 0e 0e 0e 0e 0e 0e 0e
0e 0e 0e 0e 0e 0e 0e 0e 0e 0e 0e 0e 0e 0e 0e 0e
0e 0e 0e 0e 0e 0e 0e 0e 0e 0e 0e 0e 0e 0e 0e 0e
0e 0e 0e 0e 0e 0e 0e 0e 0e 0e 0e 0e 0e 0e 0e 0e
0e 0e 0e 0e 0e 0e 0e 0e 0e 0e 0e 0e 0e 0e 0e 0e
0e 0e 0e 0e 0f 0f 0f 0f 0f 0f 0f 0f 0f 0f 0f 0f
0f 0f 0f 0f 0f 0f 0f 0f 0f 0f 0f 0f 0f 0f 0f 0f
0f 0f 0f 0f 0f 0f 0f 0f 0f 0f 0f 0f 0f 0f 0f 0f
0f 0f 0f 0f 0f 0f 0f 0f 0f 0f 0f 0f 0f 0f 0f 0f
0f 0f 0f 0f 38 10 de 03 13 00 00 03 43 20 20 20
20 20 20 20 20 20 08 16 00 62 00 80 9c 10 ad ff
0a 16 ff 21 f6 77 11 00 62 b7 ed 52 44 4d 21 00
80 ed b0 c9 3e 01 cd 96 66 cd f6 66 0e 0f cd 42
70 3e ff 32 c8 78 cd 21 70 cd df 6f 06 02 50 52
45 53 53 20 22 45 22 20 54 4f 20 45 4e 54 45 52
20 41 20 4e 45 57 20 46 49 4c 45 01 0a 08 22 4c
22 20 54 4f 20 4c 4f 41 44 20 41 20 46 49 4c 45
01 0c 0c 46 52 4f 4d 20 54 41 50 45 00 cd 6f 72
e6 df fe 45 28 0e fe 4c ca 7a 62 18 f0 21 5d 70
e5 c3 b0 71 cd b4 66 cd 48 66 cd f5 76 22 8a 78
22 82 78 22 71 78 cd 76 66 cd e0 6c cd a6 62 cd
b4 67 21 5d 70 e5 c3 33 6f 06 0e cd 30 70 cd df
6f 00 00 45 4e 54 45 52 20 41 20 52 45 43 4f 52
44 20 20 20 20 22 53 54 4f 50 22 20 74 6f 20 65
78 69 74 00 cd 4c 77 11 ab 01 cd e5 62 3d 28 c9
3e 38 32 f9 74 c3 16 67 ed 53 74 78 af 32 88 78
2a 8a 78 22 86 78 cd 01 63 28 3e eb cd 48 63 da
5e 63 18 f2 21 12 78 ed 4b 88 78 79 b8 c8 f5 3c
32 88 78 3d cd 1d 63 ed 53 76 78 cd 27 63 f1 c9
07 85 6f 30 01 24 5e 23 56 c9 21 4e 78 ed 4b 88
78 06 00 09 7e 32 f9 74 c9 2a 86 78 22 8a 78 2a
78 78 23 22 78 78 3e 01 c3 5e 63 2a 76 78 22 60
72 cd 63 72 fe e2 c2 80 77 3a 88 78 3d 20 f2 e1
c9 2a 8a 78 36 00 c9 3a 88 78 47 2a 84 78 af 85
6f 30 01 24 7e e6 3f 10 f6 c9 2a 84 78 3a 89 78
47 16 00 7e e6 3f 5f 19 5e 10 fc 7e b7 c0 2a 84
78 c9 cd 4c 77 af 32 88 78 2a 84 78 e5 cd 01 63
e1 c8 ed 4b 76 78 7e 23 e6 3f 3d 28 ef 5f cd b4
63 1d 20 fa c3 99 63 7e 23 e5 d5 cd 65 74 cd 9d
74 3a f9 74 77 cd db 72 30 01 0d d1 e1 c9 e5 d5
09 ed 5b b4 5c b7 ed 52 38 1e 06 00 cd 30 70 cd
df 6f 02 07 4e 4f 20 52 4f 4f 4d 20 49 4e 20 46
49 4c 45 00 cd a7 6a b7 3f d1 e1 c9 e5 2a 8a 78
b7 ed 42 44 4d 03 e1 c9 09 ed 52 e5 28 20 ed 4b
8a 78 cd cb 63 38 1a 42 4b cd f9 63 cb 7c 20 0a
ed 5b 8a 78 19 eb ed b8 18 04 19 eb ed b0 c1 b7
c9 c1 01 00 00 c9 2a 71 78 09 22 71 78 ed 5b 6d
78 2a 82 78 09 22 82 78 ed 5b 71 78 2a 8a 78 09
22 8a 78 b7 c9 06 06 cd 30 70 cd df 6f 00 00 43
4f 4c 4f 55 52 20 20 20 20 20 50 72 65 73 73 20
61 20 63 6f 6c 6f 75 72 20 6e 75 6d 62 65 72 28
30 2d 37 29 20 74 6f 20 64 65 66 69 6e 65 20 20
70 61 70 65 72 20 20 61 6e 64 20 20 69 6e 6b 63
6f 6c 6f 75 72 73 20 20 66 6f 72 20 20 74 68 69
73 20 20 64 61 74 61 20 20 66 69 65 6c 64 3a 50
41 50 45 52 20 20 20 20 20 20 20 20 20 20 20 20
20 20 49 4e 4b 00 c9 06 0b cd 30 70 cd df 6f 00
00 44 41 54 41 20 46 49 45 4c 44 53 20 20 20 20
20 20 4d 6f 76 65 20 74 68 65 20 63 75 72 73 6f
72 77 69 74 68 20 20 74 68 65 20 61 72 72 6f 77
20 6b 65 79 73 20 20 61 6e 64 20 20 70 72 65 73
73 22 45 4e 54 45 52 22 20 20 74 6f 20 20 6d 61
72 6b 20 20 74 68 65 20 20 73 74 61 72 74 20 6f
66 65 61 63 68 20 64 61 74 61 20 66 69 65 6c 64
2e 20 20 22 53 54 4f 50 22 20 74 6f 20 65 78 69
74 00 c9 cd 63 72 fe e2 ca b3 65 ed 5b 88 78 7b
3d ba c8 07 6f 26 00 11 12 78 19 71 23 70 3e 3e
cd 65 74 cd 9d 74 36 17 cd 65 73 cd 86 76 cd 52
64 01 07 03 cd 22 76 cd 86 76 01 18 03 cd 35 76
cd 86 76 3a f9 74 11 4e 78 2a 88 78 26 00 19 77
cd 73 73 f6 01 c9 3a 88 78 3d ca 60 65 af c9 06
0d cd 30 70 cd df 6f 00 00 52 45 43 4f 52 44 20
4c 41 59 4f 55 54 20 20 20 20 54 79 70 65 77 72
69 74 65 72 20 6d 6f 64 65 66 6f 72 20 20 65 6e
74 65 72 69 6e 67 20 20 74 69 74 6c 65 73 20 6f
66 20 61 20 62 6c 61 6e 6b 72 65 63 6f 72 64 2e
20 4d 6f 76 65 20 63 75 72 73 6f 72 20 77 69 74
68 20 61 72 72 6f 77 73 2e 22 53 54 4f 50 22 20
74 6f 20 65 78 69 74 2d 22 45 44 49 54 22 20 66
6f 72 20 63 6f 6c 6f 75 72 00 c9 cd bc 65 11 ff
ff ed 53 74 78 01 00 04 ed 43 60 72 c3 63 72 21
00 04 22 60 72 cd 4c 77 af 32 88 78 3e 38 32 f9
74 11 bf 00 ed 53 74 78 c9 cd 5c 66 3e 1e 32 89
78 3a 88 78 3c 32 88 78 cd d4 64 cd 60 65 c2 7e
66 3a 88 78 3d 32 89 78 c9 f6 08 d3 fe e6 07 07
07 07 cb 67 20 02 f6 07 32 48 5c c9 56 55 2d 46
49 4c 45 20 20 20 00 0e 38 cd 42 70 cd 21 70 11
ea 78 21 a9 66 01 0b 00 ed b0 eb 22 6d 78 22 71
78 22 82 78 22 8a 78 11 00 00 ed 53 78 78 3e ff
32 c8 78 21 00 04 22 60 72 3e 38 32 f9 74 3e 01
32 7a 78 32 7f 78 cd 96 66 21 00 58 3e 0f 06 80
77 23 10 fc c9 cd 5c 66 cd d4 64 cd 01 63 ed 53
60 72 c8 cd 60 65 20 f0 c9 cd b4 67 7e e6 7f 77
cd 77 63 22 84 78 20 f5 c3 3e 67 cd 64 63 22 86
78 c9 cd 77 63 c8 22 84 78 e6 c0 c2 2f 67 f6 01
c9 cd 4a 67 ca 8f 63 cd 8f 63 f6 01 c9 3a 7a 78

