20 20 20 20 20 20 20 00 1b 00 40 56 80 fa 10 0e
07 02 1b ff 00 00 00 00 00 00 00 00 00 00 00 00
00 00 00 00 00 00 00 00 00 00 00 00 00 00 00 00
00 00 00 00 00 00 00 00 00 00 00 00 00 00 00 00
00 00 00 df f0 00 00 00 00 00 00 00 00 07 ff 00
00 00 00 00 00 00 3f fc 1f fc 18 30 0c 31 cc 00
00 00 02 08 00 00 01 ff ff ff ff e0 00 00 00 00
00 00 00 00 00 00 00 00 00 00 00 00 00 00 00 00
00 00 00 00 88 40 0f ff ff ff ff ff 80 00 00 00
00 00 00 00 00 00 00 00 00 00 00 00 00 00 00 00
00 00 00 00 00 0c f3 ff ff ff ff ff e3 00 00 00
00 00 00 00 00 00 00 00 00 00 00 00 00 00 00 00
00 00 00 00 00 00 3f e7 27 ff ff ff e1 82 10 00
00 00 00 00 00 00 00 00 00 00 00 00 00 00 00 00
00 00 00 00 00 00 07 ff ff f8 ee 3f 00 01 02 04
00 00 00 00 00 00 00 00 00 00 00 00 00 00 00 00
00 00 03 00 0f e0 00 00 00 00 00 00 00 03 fe 00
00 00 00 00 00 00 3f f8 00 0c 18 30 0c 30 ec 00
00 00 00 00 00 77 a0 7f ff ff ff f0 00 00 00 00
00 00 00 00 00 00 00 00 00 00 00 00 00 00 00 00
00 00 00 00 46 20 1f ff ff ff ff ff c0 00 00 00
00 00 00 00 00 00 3c 3c 7e fe 42 3c 7c 7e 00 00
00 00 00 00 00 03 0c ff ff ff ff ff f0 c0 00 00
00 00 00 00 00 00 00 00 00 00 00 00 00 00 00 00
00 00 00 00 00 00 3f f8 c8 ff ff ff e0 41 0c 00
00 00 00 00 00 00 00 00 00 00 00 00 00 00 00 00
00 00 00 00 00 00 07 ff ff ff 31 ef 00 00 01 02
00 00 00 00 00 00 00 00 00 00 00 00 00 00 00 00
00 00 00 00 00 00 00 03 ff ff fe 00 03 06 ed 80
00 00 00 00 00 00 00 00 00 00 00 00 00 00 00 00
00 00 00 00 00 00 00 00 00 00 00 00 00 00 00 00
00 00 00 00 00 00 3f f8 1f f0 18 0f f0 30 0c 00
00 00 04 00 00 1e 00 00 03 fe 00 00 00 03 fe 00
00 00 00 00 00 00 30 00 00 0c 18 30 0c 30 7c 00
00 00 01 00 01 80 5f ff ff ff ff f8 00 00 00 00
00 00 00 00 00 00 00 00 00 00 00 00 00 00 00 00
00 00 00 00 31 10 1f ff ff ff ff ff c0 00 00 00
00 00 00 00 00 00 40 42 40 10 42 42 42 40 00 00
00 00 00 00 00 00 b3 3f ff ff ff ff f8 30 00 00
00 00 00 00 00 00 00 00 00 00 00 00 00 00 00 00
00 00 00 00 00 00 3f ff 37 3f ff ff e0 30 83 00
00 00 00 00 00 00 00 00 00 00 00 00 00 00 00 00
00 00 00 00 00 00 03 ff ff ff de 71 00 01 00 82
00 00 00 00 00 00 00 00 00 00 00 00 00 00 00 00
00 00 00 00 00 00 00 00 ff ff f8 00 00 f0 00 00
40 00 00 00 00 00 00 00 00 00 00 00 00 00 00 00
00 00 00 00 00 00 00 00 00 00 00 00 00 00 f8 00
00 00 00 00 00 00 3f fc 3f f8 18 1f f8 38 0c 00
00 00 00 00 00 01 e0 00 3f ff e0 00 00 03 fe 00
00 00 00 00 00 00 30 00 30 0c 18 30 0c 30 3c 00
00 00 00 c2 00 00 01 ff ff ff ff fc 00 00 00 00
00 00 00 00 00 00 00 00 00 00 00 00 00 00 00 00
00 00 00 00 08 c4 1f ff ff ff ff ff c0 00 00 00
00 00 00 00 00 00 3c 42 7c 10 42 42 42 7c 00 00
00 00 00 00 00 00 1c cf ff ff ff ff f6 08 00 00
00 00 00 00 00 00 00 00 00 00 00 00 00 00 00 00
00 00 00 00 00 00 1f ff cc c7 ff ff c0 10 61 00
00 00 00 00 00 00 00 00 00 00 00 00 00 00 00 00
00 00 00 00 00 00 01 ff ff ff f3 84 a0 00 00 81
80 00 00 00 00 00 00 00 00 00 00 00 00 00 00 00
00 00 00 00 00 00 00 00 3f ff e0 00 00 06 00 00
00 00 00 00 00 00 00 00 00 00 00 00 00 00 00 00
00 00 00 00 00 00 00 00 00 00 00 00 00 01 fc 00
00 00 00 00 00 00 30 0c 30 18 18 30 0c 3c 0c 00
00 00 10 00 00 00 1e 00 ff ff f8 00 00 01 fc 00
00 00 00 00 00 00 30 00 3f fc 18 1f f8 30 1c 00
00 00 00 11 04 00 03 ff ff ff ff fe 00 00 00 00
00 00 00 00 00 00 00 00 00 00 00 00 00 00 00 00
00 00 00 00 06 23 3f ff ff ff ff ff e0 00 00 00
00 00 00 00 00 00 02 42 40 10 42 7e 7c 40 00 00
00 00 00 00 00 00 27 33 ff ff ff ff e1 84 00 00
00 00 00 00 00 00 00 00 00 00 00 00 00 00 00 00
00 00 00 00 00 00 1f ff f7 39 ff ff c0 08 10 c0
00 00 00 00 00 00 00 00 00 00 00 00 00 00 00 00
00 00 00 00 00 00 00 ff ff ff fc 36 1f 83 00 00
80 00 00 00 00 00 00 00 00 00 00 00 00 00 00 00
00 00 00 00 00 00 00 00 03 fe 00 00 00 01 e0 00
20 00 00 00 00 00 00 00 00 00 00 00 00 00 00 00
00 00 00 00 00 00 00 00 00 00 00 00 00 03 fe 00
00 00 00 00 00 00 30 0c 30 00 18 30 0c 3e 0c 00
00 00 00 01 df fe 01 e3 ff ff fe 00 00 00 f8 00
00 00 00 00 00 00 30 00 1f f8 18 0f f0 30 0c 00
00 00 00 08 80 00 07 ff ff ff ff ff 00 00 00 00
00 00 00 00 00 00 00 00 00 00 00 00 00 00 00 00
00 00 00 00 01 98 bf ff ff ff ff ff e0 00 00 00
00 00 00 00 00 00 42 42 40 10 5a 42 44 40 00 00
00 00 00 00 00 00 39 cc ff ff ff ff f8 63 00 00
00 00 00 00 00 00 00 00 00 00 00 00 00 00 00 00
00 00 00 00 00 00 1f ff fc c6 3f ff c0 04 18 20
00 00 00 00 00 00 00 00 00 00 00 00 00 00 00 00
00 00 00 00 00 00 00 7f ff ff ff c1 e1 6e 00 00
00 00 00 00 00 00 00 00 00 00 00 00 00 00 00 00
00 00 00 00 00 00 00 00 00 00 00 00 00 00 3e 00
c0 00 00 00 00 00 00 00 00 00 00 00 00 00 00 00
00 00 00 00 00 00 00 00 00 00 00 00 00 03 fe 00
00 00 00 00 00 00 30 0c 30 00 18 30 0c 37 0c 00
00 00 00 02 00 01 f0 1f ff ff ff 80 00 00 00 00
00 00 00 00 00 00 00 00 00 00 00 00 00 00 00 00
00 00 00 04 41 00 07 ff ff ff ff ff 00 00 00 00
00 00 00 00 00 00 00 00 00 00 00 00 00 00 00 00
00 00 00 00 00 44 5f ff ff ff ff ff f8 00 00 00
00 00 00 00 00 00 3c 3c 40 10 24 42 42 7e 00 00
00 00 00 00 00 00 3e 73 3f ff ff ff e6 30 c0 00
00 00 00 00 00 00 00 00 00 00 00 00 00 00 00 00
00 00 00 00 00 00 0f ff ff 39 ff ff 80 02 04 10
00 00 00 00 00 00 00 00 00 00 00 00 00 00 00 00
00 00 00 00 00 00 00 3f ff ff ff e4 0c 00 00 80
40 00 00 00 00 00 00 00 00 00 00 00 00 00 00 00
00 00 00 00 00 00 00 00 00 00 00 00 00 00 00 ed
80 00 00 00 00 00 00 00 00 00 00 00 00 00 00 00
00 00 00 00 00 00 00 00 00 00 00 00 00 03 fe 00
00 00 00 00 00 00 30 0c 3f f8 18 30 0c 33 8c 00
00 00 04 00 00 00 0e 1f ff ff ff c0 00 00 00 00
00 00 00 00 00 00 00 00 00 00 00 00 00 00 00 00
00 00 00 03 10 80 0f ff ff ff ff ff 80 00 00 00
00 00 00 00 00 00 00 00 00 00 00 00 00 00 00 00
00 00 00 00 00 33 2f ff ff ff ff ff e4 00 00 00
00 00 00 00 00 00 00 00 00 00 00 00 00 00 00 00
00 00 00 00 00 00 3f 9c cf ff ff ff e1 0c 20 00
00 00 00 00 00 00 00 00 00 00 00 00 00 00 00 00
00 00 00 00 00 00 0f ff ff c6 21 ff 80 02 02 18
00 00 00 00 00 00 00 00 00 00 00 00 00 00 00 00
00 00 00 00 00 00 00 1f ff ff ff c3 c3 80 00 00
20 00 00 00 00 00 00 00 00 00 00 00 00 00 00 00
00 00 00 00 00 00 00 00 00 00 00 00 00 00 00 00
00 00 00 00 00 00 00 00 00 00 00 00 00 00 00 00
00 00 00 00 00 00 00 00 00 00 00 00 00 00 00 00
00 00 00 00 00 00 00 00 00 00 00 00 00 00 00 00
00 00 00 00 00 00 00 00 00 00 00 00 00 00 00 00
00 00 00 00 00 00 00 00 00 00 00 00 00 00 00 00
00 00 00 00 00 00 00 00 00 00 00 00 00 00 00 00
00 00 00 00 00 00 00 00 00 00 00 00 00 00 00 00
00 00 00 00 00 00 00 00 00 00 00 00 00 00 00 00
00 00 00 00 00 00 1e 00 01 e0 1e 00 01 e0 00 00
00 00 1f ff ff e0 01 ff ff e0 1e 00 00 00 1f ff
ff e0 00 00 00 00 1e 00 01 e0 1e 00 01 e0 00 00
00 00 1f ff fe 00 00 01 e0 00 1e 00 00 00 1f ff
fe 00 00 00 00 00 01 e0 1e 00 1e 00 01 e0 00 00
00 00 1e 00 00 00 00 01 e0 00 1e 00 00 00 1e 00
00 00 00 00 00 00 00 00 00 00 00 00 00 00 00 00
00 00 00 00 00 00 00 00 00 00 00 00 00 00 00 00
00 00 00 00 00 00 00 00 00 00 00 00 00 00 00 00
00 00 00 00 00 00 00 00 00 00 00 00 00 00 00 00
00 00 00 00 00 00 00 00 00 00 00 00 00 00 00 00
00 00 00 00 00 00 00 00 00 00 00 00 00 00 00 00
00 00 00 00 00 00 00 00 00 00 00 00 00 00 00 00
00 00 00 00 00 00 00 00 00 00 00 00 00 00 00 00
00 00 00 00 00 00 00 00 00 00 00 00 00 00 00 00
00 00 00 00 00 00 00 00 00 00 00 00 00 00 00 00
00 00 00 00 00 00 1e 00 01 e0 1e 00 01 e0 00 00
00 00 1f ff ff e0 01 ff ff e0 1e 00 00 00 1f ff
ff e0 00 00 00 00 1e 00 01 e0 1e 00 01 e0 00 00
00 00 1f ff fe 00 00 01 e0 00 1e 00 00 00 1f ff
fe 00 00 00 00 00 01 e0 1e 00 1e 00 01 e0 00 00
00 00 1e 00 00 00 00 01 e0 00 1e 00 00 00 1e 00
00 00 00 00 00 00 00 00 00 00 00 00 00 00 00 00
00 00 00 00 00 00 00 00 00 00 00 00 00 00 00 00
00 00 00 00 00 00 00 00 00 00 00 00 00 00 00 00
00 00 00 00 00 00 00 00 00 00 00 00 00 00 00 00
00 00 00 00 00 00 00 00 00 00 00 00 00 00 00 00
00 00 00 00 00 00 00 00 00 00 00 00 00 00 00 00
00 00 00 00 00 00 00 00 00 00 00 00 00 00 00 00
00 00 00 00 00 00 00 00 00 00 00 00 00 00 00 00
00 00 00 00 00 00 00 00 00 00 00 00 00 00 00 00
00 00 00 00 00 00 00 00 00 00 00 00 00 00 00 00
00 00 00 00 00 00 1e 00 01 e0 1e 00 01 e0 00 00
00 00 1e 00 00 00 00 01 e0 00 1e 00 00 00 1e 00
00 00 00 00 00 00 1e 00 01 e0 1e 00 01 e0 01 ff
ff e0 1e 00 00 00 00 01 e0 00 1e 00 00 00 1e 00
00 00 00 00 00 00 00 1f e0 00 01 ff fe 00 00 00
00 00 1e 00 00 00 01 ff ff e0 1f ff ff e0 1f ff
ff e0 00 00 00 00 00 00 00 00 00 00 00 00 00 00
00 00 00 00 00 00 00 00 00 00 00 00 00 00 00 00
00 00 00 00 00 00 00 00 00 00 00 00 00 00 00 00
00 00 00 00 00 00 00 00 00 00 00 00 00 00 00 00
00 00 00 00 00 00 00 00 00 00 00 00 00 00 00 00
00 00 00 00 00 00 00 00 00 00 00 00 00 00 00 00
00 00 00 00 00 00 00 00 00 00 00 00 00 00 00 00
00 00 00 00 00 00 00 00 00 00 00 00 00 00 00 00
00 00 00 00 00 00 00 00 00 00 00 00 00 00 00 00
00 00 00 00 00 00 00 00 00 00 00 00 00 00 00 00
00 00 00 00 00 00 1e 00 01 e0 1e 00 01 e0 00 00
00 00 1e 00 00 00 00 01 e0 00 1e 00 00 00 1e 00
00 00 00 00 00 00 1e 00 01 e0 1e 00 01 e0 01 ff
ff e0 1e 00 00 00 00 01 e0 00 1e 00 00 00 1e 00
00 00 00 00 00 00 00 1f e0 00 01 ff fe 00 00 00
00 00 1e 00 00 00 01 ff ff e0 1f ff ff e0 1f ff
ff e0 00 00 00 00 00 00 00 00 00 00 00 00 00 00
00 00 00 00 00 00 00 00 00 00 00 00 00 00 00 00
00 00 00 00 00 00 00 00 00 00 00 00 00 00 00 00
00 00 00 00 00 00 00 00 00 00 00 00 00 00 00 00
00 00 00 00 00 00 00 00 00 00 00 00 00 00 00 00
00 00 00 00 00 00 00 00 00 00 00 00 00 00 00 00
00 00 00 00 00 00 00 00 00 00 00 00 00 00 00 00
00 00 00 00 00 00 00 00 00 00 00 00 00 00 00 00
00 00 00 00 00 00 00 00 00 00 00 00 00 00 00 00
00 00 00 00 00 00 00 00 00 00 00 00 00 00 00 00
00 00 00 00 00 00 1e 00 01 e0 1e 00 01 e0 00 00
00 00 1e 00 00 00 00 01 e0 00 1e 00 00 00 1e 00
00 00 00 00 00 00 1e 00 01 e0 1e 00 01 e0 01 ff
ff e0 1e 00 00 00 00 01 e0 00 1e 00 00 00 1e 00
00 00 00 00 00 00 00 1f e0 00 01 ff fe 00 00 00
00 00 1e 00 00 00 01 ff ff e0 1f ff ff e0 1f ff
ff e0 00 00 00 00 00 00 00 00 00 00 00 00 00 00
00 00 00 00 00 00 00 00 00 00 00 00 00 00 00 00
00 00 00 00 00 00 00 00 00 00 00 00 00 00 00 00
00 00 00 00 00 00 00 00 00 00 00 00 00 00 00 00
00 00 00 00 00 00 00 00 00 00 00 00 00 00 00 00
00 00 00 00 00 00 00 00 00 00 00 00 00 00 00 00
00 00 00 00 00 00 00 00 00 00 00 00 00 00 00 00
00 00 00 00 00 00 00 00 00 00 00 00 00 00 00 00
00 00 00 00 00 00 00 00 00 00 00 00 00 00 00 00
00 00 00 00 00 00 00 00 00 00 00 00 00 00 00 00
00 00 00 00 00 00 1e 00 01 e0 1e 00 01 e0 00 00
00 00 1e 00 00 00 00 01 e0 00 1e 00 00 00 1e 00
00 00 00 00 00 00 1e 00 01 e0 1e 00 01 e0 01 ff
ff e0 1e 00 00 00 00 01 e0 00 1e 00 00 00 1e 00
00 00 00 00 00 00 00 1f e0 00 01 ff fe 00 00 00
00 00 1e 00 00 00 01 ff ff e0 1f ff ff e0 1f ff
ff e0 00 00 00 00 00 00 00 00 00 00 00 00 00 00
00 00 00 00 00 00 00 00 00 00 00 00 00 00 00 00
00 00 00 00 00 00 00 00 00 00 00 00 00 00 00 00
00 00 00 00 00 00 00 00 00 00 00 00 00 00 00 00
00 00 00 00 00 00 00 00 00 00 00 00 00 00 00 00
00 00 00 00 00 00 00 00 00 00 00 00 00 00 00 00
00 00 00 00 00 00 00 00 00 00 00 00 00 00 00 00
00 00 00 00 00 00 00 00 00 00 00 00 00 00 00 00
00 00 00 00 00 00 1e 00 01 e0 1e 00 01 e0 00 00
00 00 1f ff ff e0 01 ff ff e0 1e 00 00 00 1f ff
ff e0 00 00 00 00 1e 00 01 e0 1e 00 01 e0 00 00
00 00 1f ff fe 00 00 01 e0 00 1e 00 00 00 1f ff
fe 00 00 00 00 00 01 e0 1e 00 1e 00 01 e0 00 00
00 00 1e 00 00 00 00 01 e0 00 1e 00 00 00 1e 00
00 00 00 00 00 00 00 00 00 00 00 00 00 00 00 00
00 00 00 00 00 00 00 00 00 00 00 00 00 00 00 00
00 00 00 00 00 00 00 00 00 00 00 00 00 00 00 00
00 00 00 00 00 00 00 00 00 00 00 00 00 00 00 00
00 00 00 00 00 00 00 00 00 00 00 00 00 00 00 00
00 00 00 00 00 00 00 00 00 00 00 00 00 00 00 00
00 00 00 00 00 00 00 00 00 00 00 00 00 00 00 00
00 00 00 00 00 00 00 00 00 00 00 00 00 00 00 00
00 00 00 00 00 00 00 00 00 00 00 00 00 00 00 00
00 00 00 00 00 00 00 00 00 00 00 00 00 00 00 00
00 00 00 00 00 00 1e 00 01 e0 1e 00 01 e0 00 00
00 00 1f ff ff e0 01 ff ff e0 1e 00 00 00 1f ff
ff e0 00 00 00 00 1e 00 01 e0 1e 00 01 e0 00 00
00 00 1f ff fe 00 00 01 e0 00 1e 00 00 00 1f ff
fe 00 00 00 00 00 01 e0 1e 00 1e 00 01 e0 00 00
00 00 1e 00 00 00 00 01 e0 00 1e 00 00 00 1e 00
00 00 00 00 00 00 00 00 00 00 00 00 00 00 00 00
00 00 00 00 00 00 00 00 00 00 00 00 00 00 00 00
00 00 00 00 00 00 00 00 00 00 00 00 00 00 00 00
00 00 00 00 00 00 00 00 00 00 00 00 00 00 00 00
00 00 00 00 00 00 00 00 00 00 00 00 00 00 00 00
00 00 00 00 00 00 00 00 00 00 00 00 00 00 00 00
00 00 00 00 00 00 00 00 00 00 00 00 00 00 00 00


